12022021
22022022
03022030
13022031
23022032
04022040
14022041
24022042
05022050
15022051
25022052
06022060
16022061
26022062
07022070
17022071
27022072
08022080
18022081
28022082
09022090
19022091
29022092
10122101
20122102
30122103
01122110
11122111
21122112
31122113
02122120
12122121
22122122
03122130
13122131
23122132
04122140
14122141
24122142
05122150
15122151
25122152
06122160
16122161
26122162
07122170
17122171
27122172
08122180
18122181
28122182
09122190
19122191
29122192
10033001
20033002
30033003
01033010
11033011
21033012
31033013
02033020
12033021
22033022
03033030
13033031
23033032
04033040
14033041
24033042
05033050
15033051
25033052
06033060
16033061
26033062
07033070
17033071
27033072
08033080
18033081
28033082
09033090
19033091
29033092
10044001
20044002
30044003
01044010
11044011
21044012
02044020
12044021
22044022
03044030
13044031
23044032
04044040
14044041
24044042
